orf	gene_length	folds	fold_length	coverage	log_coverage	dN	log_dN	dSadj	log_dSadj	sacCer_sacPar_dS	log_sacCer_sacPar_dS	sacCer_sacPar_dN	log_sacCer_sacPar_dN	phastCons_coverage	FPS	cai	dNdSadj	small_dNdS	small_dSadj	dS	small_dNdSadj	dNdS	len	abund	expr	disp	essential
YLL028W	1761	chr12_85499_85532,	33,	1.87393526405451	0.272754583910611	0.063799933	-1.19517977735635	2.10638	0.323536722507585	0.3492	-0.456925764966468	0.0108	-1.96657624451305	0.649544227072794	0.14769631548572	0.1956	0.0302888999135958	0.0309278350515464	0.4247016	1.4014	0.0254296192903441	0.0455258548594263	1761	1470	2.7	1.014	FALSE
YPL036W	2844	chr16_483607_483634,chr16_484901_484914,	27,13,	1.40646976090014	0.148130399270234	NA	NA	NA	NA	0.6281	-0.201971206595927	0.031	-1.50863830616573	0.658060587734577	0.416833939770749	0.2998	NA	0.0493551982168445	0.7438228	NA	0.0416765928659353	NA	2844	NA	0.2	1.013	FALSE
YNR003C	954	chr14_634586_634605,	19,	1.9916142557652	0.299205226248734	0.047699961	-1.32148197604357	1.81852	0.259718081767896	0.3101	-0.508498233762674	0.0105	-1.97881070093006	0.656874321143742	0.11092637839399	0.1405	0.0262300997514462	0.0338600451467269	0.364333	1.2408	0.0288197884901999	0.0384429086073501	954	NA	1	0	TRUE
YKL161C	1302	chr11_149995_150008,	13,	0.998463901689708	-0.000667631925336387	NA	NA	NA	NA	0.4045	-0.393081474051709	0.0769	-1.11407366019857	0.629728553736988	0.00296857089994765	0.1314	NA	0.190111248454883	0.4552204	NA	0.168929160468204	NA	1302	NA	0.2	1.006	FALSE
YDL002C	612	chr4_447499_447516,	17,	2.77777777777778	0.443697499232713	0.076900089	-1.11407315756936	1.94278	0.288423623968002	0.3761	-0.424696666577601	0.0187	-1.7281583934635	0.656536028870528	0.0744549463639413	0.1032	0.0395824998198458	0.0497208189311353	0.4159352	1.4499	0.0449589262942882	0.0530382019449617	612	1760	1.1	0.964	FALSE
YDL070W	1917	chr4_332355_332396,	41,	2.13875847678665	0.330161743841673	0.158999431	-0.798604429855664	1.50083	0.176331502207857	0.2386	-0.622329560665677	0.0349	-1.45717457304082	0.657406456368459	0.218316738969715	0.1622	0.105940999980011	0.146269907795474	0.3012092	0.9019	0.115866314840317	0.1762938585209	1917	2930	1.3	1.005	FALSE
YBL023C	2607	chr2_176595_176615,	20,	0.767165324127349	-0.115111035504348	0.032900012	-1.48280394364477	2.20684	0.343770847146242	0.5038	-0.297741836837906	0.007	-2.15490195998574	0.655415141811528	0.0457816383633893	0.175	0.014908199960124	0.0138944025406907	0.57135	1.5468	0.0122516846066334	0.0212697258856995	2607	1690	0.3	0	TRUE
YKR093W	1806	chr11_616824_616844,	20,	1.10741971207087	0.0443122496864942	NA	NA	NA	NA	0.1861	-0.730253626869233	0.0526	-1.27901425584626	0.641271316720889	0.0542267633976353	0.2654	NA	0.282643739924772	0.2885444	NA	0.182294302020764	NA	1806	NA	1.9	1.013	FALSE
YDR342C	1713	chr4_1154505_1154528,	23,	1.34267367192061	0.127970473052082	NA	NA	NA	NA	0.4258	-0.370794342897696	0.0282	-1.54975089168064	0.65083265248834	0.389484080970263	0.5187	NA	0.0662282761860028	0.6260182	NA	0.045046613660753	NA	1713	NA	9.9	NA	NA
YPL177C	921	chr16_213182_213199,	17,	1.84581976112921	0.266189291181425	0.260199592	-0.584693388759396	2.17753	0.337964147029738	0.3234	-0.490259984429618	0.0451	-1.34582345812204	0.652077788573923	0.0886354686215337	0.1148	0.119492999866822	0.139455782312925	0.3677128	1.6897	0.122650068205404	0.153991591406759	921	521	2.2	1.013	FALSE
YDL093W	2232	chr4_290998_291035,	37,	1.65770609318996	0.219507533801454	NA	NA	NA	NA	0.3205	-0.494171966145164	0	NA	0.656347229791726	0.778359667421638	0.155	NA	0	0.38033	NA	0	NA	2232	NA	1	1.014	FALSE
YIL115C	4383	chr9_145858_145870,	12,	0.27378507871321	-0.562590224606334	0.465400894	-0.332172786801558	2.5997	0.414923234177824	0.4621	-0.335264031481295	0.1146	-0.940815382368629	0.644676487299234	0.0899475565303055	0.1428	0.179021000115398	0.247998268772993	0.5172208	2.024	0.221568815484605	0.229941153162055	4383	1230	0.9	0	TRUE
YNL264C	1053	chr14_146197_146215,	18,	1.70940170940171	0.23284413391782	0.07120016	-1.14751903042158	2.02425	0.306264147948217	0.3382	-0.470826396738277	0.0288	-1.54060751224077	0.660181368507832	0.124927383187765	0.1954	0.035173600098802	0.0851567120047309	0.4136244	1.3733	0.0696283874935811	0.0518460350979393	1053	5040	0.7	1.011	FALSE
YCR084C	2142	chr3_261264_261277,	13,	0.606909430438842	-0.216876114189	0.047600073	-1.32239238124016	1.79587	0.254274895624126	0.2681	-0.57170318601712	0.0121	-1.91721462968355	0.636099607379121	0.0558185886812862	0.1809	0.0265052999381915	0.0451324132786274	0.3379274	1.1429	0.035806507551622	0.0416485020561729	2142	5840	2.1	0.921	FALSE
YNR028W	927	chr14_676883_676900,	17,	1.83387270765912	0.263369187233777	0.45010119	-0.346689838850567	2.2764	0.357248576936287	NA	NA	NA	NA	0.658514401661116	0.0236633918744595	0.1368	0.197725	NA	NA	1.7315	NA	0.259948709211666	927	NA	0.7	1.007	FALSE
YNL287W	2808	chr14_93460_93475,	15,	0.534188034188034	-0.272305844402086	0.042100025	-1.37571764626982	1.9017	0.279142006491638	0.3081	-0.511308301683059	0.0094	-2.0268721464003	0.660495706055006	0.119938975342384	0.2384	0.0221381001209444	0.0305095748133723	0.4001224	1.1144	0.0234928111997729	0.0377781990308686	2808	77900	2.2	0	TRUE
YPR156C	1869	chr16_839482_839503,	21,	1.12359550561798	0.0506099933550872	0.03040007	-1.51712541637221	2.09796	0.32179720361689	0.5514	-0.258533238230245	0.0069	-2.16115090926274	0.656095409839587	0.165888437394857	0.2608	0.0144903001010505	0.0125136017410228	0.6520688	1.294	0.010581705488746	0.0234930989180835	1869	2760	0.7	1.005	FALSE
YDR364C	1368	chr4_1203095_1203112,	17,	1.24269005847953	0.0943628239941765	0.179500041	-0.745935447887491	2.11938	0.32620883170245	0.429	-0.367542707815276	0.0455	-1.34198860334289	0.651110008155773	0.2801796757651	0.1364	0.084694599835801	0.106060606060606	0.4816504	1.5861	0.0944668581194991	0.113170696046908	1368	1630	0.8	NA	FALSE
YJR117W	1362	chr10_642844_642868,	24,	1.76211453744493	0.24603413413484	0.056400099	-1.24872013369191	2.03501	0.308566547681214	0.2762	-0.558776325757387	0.0156	-1.80687540164554	0.650144927536232	0.0660814537565613	0.2677	0.0277149001724807	0.056480811006517	0.3795322	1.2159	0.0411032318206466	0.0463854749568221	1362	19600	2	1.014	FALSE
YCL017C	1494	chr3_94042_94065,	23,	1.53949129852744	0.187377238538213	NA	NA	NA	NA	0.3557	-0.44891613481422	0.007	-2.15490195998574	0.644997520857137	0.071353595805414	0.2256	NA	0.0196795052010121	0.4427816	NA	0.0158091483476278	NA	1494	504	2	0	TRUE
YMR186W	2118	chr13_632373_632388,	15,	0.708215297450425	-0.149834696715785	0.023699909	-1.62525332153731	2.19269	0.340977235961175	0.299	-0.52432881167557	0.0039	-2.4089353929735	0.648694081777238	0.813165731540913	0.5811	0.0108085999388879	0.0130434782608696	0.5233046	0.7696	0.00745263848244407	0.0307951000519751	2118	132000	7.9	1.006	FALSE
YDL145C	3606	chr4_196958_196970,chr4_197983_198007,	12,24,	0.998336106489185	-0.000723221619095888	0.053100163	-1.27490414577556	2.01291	0.30382435741366	0.3448	-0.462432742847325	0.0119	-1.92445303860747	0.654890270853677	0.0829519897648064	0.2371	0.0263797998916991	0.0345127610208817	0.4363206	1.2246	0.0272735231845574	0.0433612306059121	3606	15200	2.8	0	TRUE
YOL062C	1476	chr15_211864_211879,	15,	1.01626016260163	0.00700490156865852	0.075200038	-1.1237819399511	1.90219	0.279253894215684	0.3721	-0.429340329978466	0.0093	-2.03151705144606	0.626395968021585	0.517704436246124	0.1356	0.0395333999232464	0.0249932813759742	0.4244416	1.3679	0.0219111416034621	0.0549748066379121	1476	3410	0.8	1.011	FALSE
YLR432W	1572	chr12_1002580_1002596,	16,	1.01781170483461	0.00766744095253569	0.048000184	-1.31875709783209	2.19771	0.341970384307225	1.0412	0.0175341594371981	0	NA	0.640532641763503	0.196797353976819	0.4642	0.0218409999499479	0	1.2203812	1.0458	0	0.0458980531650411	1572	26300	3.8	1.023	FALSE
YNL169C	1503	chr14_316403_316420,	17,	1.13107119095143	0.0534899407913657	0.06670016	-1.17587312429884	2.04079	0.309798317536534	0.3769	-0.423773862550395	0.0168	-1.77469071827414	0.660027707139333	0.0736863879130724	0.1382	0.0326835000171502	0.0445741576014858	0.4302452	1.4868	0.0390475012853136	0.0448615550174872	1503	1080	0.9	NA	FALSE
YOR109W	3324	chr15_527280_527296,chr15_525392_525406,	16,14,	0.902527075812274	-0.044539760392411	NA	NA	NA	NA	0.5742	-0.240936811839513	0.0122	-1.91364016932525	0.637761862335229	0.0912229593692984	0.1516	NA	0.021246952281435	0.6327176	NA	0.0192819039647388	NA	3324	1520	0.8	1.009	FALSE
YIL002C	2841	chr9_351805_351818,	13,	0.457585357268567	-0.339527881416099	0.045200073	-1.34486086378438	1.93342	0.286326206780254	0.3441	-0.46331532737907	0.0095	-2.02227639471115	0.655074646449088	0.0690747625918088	0.116	0.0233783001106847	0.027608253414705	0.388876	1.4365	0.0244293810880589	0.0314654180299339	2841	98.9	0.6	1.022	FALSE
YKR028W	3297	chr11_495708_495721,	13,	0.394297846527146	-0.404175594836316	NA	NA	NA	NA	0.3666	-0.435807539373802	0.0651	-1.18641901143181	0.635923165543954	0.000390558539363913	0.145	NA	0.177577741407529	0.42257	NA	0.154057315947654	NA	3297	NA	1	1.008	FALSE
YHR023W	5787	chr8_157259_157275,	16,	0.276481769483325	-0.558333499707622	NA	NA	NA	NA	0.5091	-0.293196902962662	0.0292	-1.53461714855158	0.633655336124757	0.221915694534423	0.1572	NA	0.0573561186407386	0.5697792	NA	0.0512479220020668	NA	5787	2140	0.6	0	TRUE
YCR035C	1185	chr3_192718_192745,	27,	2.27848101265823	0.357645413812865	0.125399902	-0.901702802906226	2.12327	0.327005223583945	0.4384	-0.358129454523687	0.0467	-1.33068311943389	0.64090520477104	0.0658361222499867	0.1474	0.0590598002138211	0.106523722627737	0.4952964	1.5405	0.0942869764448116	0.0814020785459267	1185	3180	2.5	0	TRUE
YKL173W	3027	chr11_125242_125272,	30,	0.991080277502478	-0.00389116623691051	0.20930045	-0.679229837918806	2.18109	0.338673586576835	0.0756	-1.12147820449879	0.0743	-1.12901118623942	0.631705246661661	0.105751636744111	0.1177	0.095961400033928	0.982804232804233	0.1210322	1.6574	0.613886222013646	0.126282400144805	3027	300	0.6	0	TRUE
YJR016C	1758	chr10_465837_465866,	29,	1.64960182025028	0.217379127161203	0.021600068	-1.66554488162785	1.90544	0.279995277915758	0.2899	-0.537751784645003	0.0038	-2.42021640338319	0.652665234636739	0.0541229585321822	0.3785	0.0113360000839701	0.0131079682649189	0.436001	0.8712	0.00871557634042124	0.0247934664830119	1758	171000	2.5	0	TRUE
YKL010C	4452	chr11_421238_421260,	22,	0.494159928122192	-0.306132474840464	NA	NA	NA	NA	0.3431	-0.464579281943827	0.0425	-1.37161106994969	0.637213223768584	0.0796891132787464	0.1388	NA	0.123870591664238	0.3966768	NA	0.10714012011794	NA	4452	7380	1.2	1.008	FALSE
YPR010C	3612	chr16_580394_580407,	13,	0.359911406423034	-0.443804389334631	NA	NA	NA	NA	0.3951	-0.403292970318554	0.0052	-2.2839966563652	0.657066231747054	0.0137561799180887	0.2228	NA	0.0131612250063275	0.4811008	NA	0.0108085457351141	NA	3612	14100	5.6	0	TRUE
YIL135C	1311	chr9_96184_96198,	14,	1.06788710907704	0.0285253439881537	0.156400422	-0.80576207946016	1.67626	0.22434138172132	0.2584	-0.587707490676953	0.0302	-1.51999305704285	0.651052459947614	0.0888806877405004	0.1268	0.0933031999809099	0.11687306501548	0.3073448	1.196	0.0982609759462337	0.13076958361204	1311	2180	0.8	1.008	FALSE
YJL112W	2145	chr10_205710_205740,	30,	1.3986013986014	0.145693958198919	NA	NA	NA	NA	0.3739	-0.42724453484578	0.0603	-1.21968268785985	0.648385365853659	0.016269645816611	0.1214	NA	0.161273067665151	0.4207604	NA	0.143311965669773	NA	2145	3730	0.7	1.019	FALSE
YMR169C	1521	chr13_599837_599880,	43,	2.82708744247206	0.451339241526588	NA	NA	NA	NA	0.6118	-0.21339052735134	0.0303	-1.51855737149769	0.650377326065448	0.0808247584085778	0.1776	NA	0.0495259888852566	0.6803536	NA	0.0445356649836203	NA	1521	172	0.1	0.998	FALSE
YCL048W	1392	chr3_42406_42419,	13,	0.933908045977011	-0.0296958829677065	0.130199984	-0.885389069137352	2.20019	0.342460186453378	0.301	-0.521433504406157	0.0383	-1.41680122603138	0.623556198562721	0.190217551225462	0.1677	0.0591767001940741	0.127242524916944	0.3657322	1.5649	0.104721432786066	0.0832001942616142	1392	NA	NA	1.017	FALSE
YMR145C	1683	chr13_556454_556475,	20,	1.1883541295306	0.0749458796881574	0.06900019	-1.16114971338104	2.0377	0.309140245453068	0.3453	-0.461803421650546	0.0138	-1.86012091359876	0.652832603327385	0.341959567198285	0.2605	0.0338618000687049	0.0399652476107732	0.445853	1.2504	0.030951905672946	0.0551824936020473	1683	4930	6.3	1.021	FALSE
YPR074C	2043	chr16_692900_692921,	21,	1.02790014684288	0.0119509281014717	NA	NA	NA	NA	0.2768	-0.55783391421528	0.0057	-2.24412514432751	0.657075963965941	0.0464606253407616	0.4894	NA	0.0205924855491329	0.4657084	NA	0.0122394184859023	NA	2043	40300	11.2	0.968	FALSE
YDL100C	1065	chr4_282610_282628,	18,	1.69014084507042	0.22792289732855	0.049800023	-1.30277045666256	2.27019	0.35606220631138	0.3711	-0.430509045651217	0.0027	-2.56863623584101	0.662857264390714	0.0285917712461725	0.3222	0.021936500028632	0.00727566693613581	0.4954692	1.3728	0.00544938010273898	0.036276240530303	1065	17300	6.1	0.987	FALSE
YOR344C	876	chr15_977835_977861,	26,	2.96803652968037	0.472469241802737	NA	NA	NA	NA	0.2785	-0.555174800490252	0.0199	-1.70114692359029	0.642422877960673	0.163796721789935	0.1907	NA	0.0714542190305206	0.3521102	NA	0.0565163974233067	NA	876	486	1.9	1.012	FALSE
YJL006C	972	chr10_423084_423109,	25,	2.57201646090535	0.410273743745763	NA	NA	NA	NA	0.4271	-0.369470428573176	0.0266	-1.57511836336893	0.651860085613604	0.046801884987837	0.113	NA	0.0622804963708733	0.470718	NA	0.0565094175281166	NA	972	1590	0.8	0.968	FALSE
YDR233C	888	chr4_930198_930220,	22,	2.47747747747748	0.394009715043605	0.095300289	-1.02090578235312	1.93649	0.287015258638893	0.2667	-0.573976984310124	0.0247	-1.60730304674033	0.649488573460475	0.0113862109906017	0.3977	0.0492129001440751	0.0926134233220847	0.4202122	0.8775	0.058779826002196	0.108604317948718	888	37100	12	0.997	FALSE
YDL193W	1128	chr4_115525_115558,	33,	2.92553191489362	0.466204840230564	0.120100006	-0.920456970900451	1.76186	0.245971395765541	0.2521	-0.598427154323554	0.0243	-1.61439372640169	0.650556810353097	0.142839264277658	0.1991	0.0681666000703802	0.096390321301071	0.3289526	1.1195	0.0738708251583967	0.107280041089772	1128	NA	0.8	0	TRUE
YKL152C	744	chr11_163894_163909,	15,	2.01612903225806	0.304518323509802	NA	NA	NA	NA	0.1183	-0.927015255372069	0.0019	-2.72124639904717	0.633582048508626	0.968304731872573	0.8115	NA	0.0160608622147084	0.431539	NA	0.00440284655616294	NA	744	172000	32.3	0	TRUE
YKL189W	1200	chr11_85637_85661,	24,	2	0.301029995663981	0.046700048	-1.33068267305007	2.18491	0.339433552378121	0.3899	-0.409046764812014	0.0119	-1.92445303860747	0.619104400080281	0.205477046264801	0.1536	0.0213739000691104	0.0305206463195691	0.4491896	1.5981	0.0264921538699916	0.0292222313997872	1200	1280	0.6	0	TRUE
YDL113C	1923	chr4_258115_258133,	18,	0.93603744149766	-0.0287067791351738	NA	NA	NA	NA	0.3061	-0.514136670402665	0.0296	-1.52870828894106	0.653033550247438	0.112207249378177	0.1407	NA	0.0967004246978112	0.3604102	NA	0.0821286411982791	NA	1923	358	0.3	1.007	FALSE
YPR145W	1719	chr16_823384_823398,	14,	0.814426992437464	-0.0891478410088144	NA	NA	NA	NA	0.2767	-0.557990840859048	0.0103	-1.98716277529483	0.657352433468026	0.114194307133124	0.3682	NA	0.0372244307914709	0.4188252	NA	0.0245925985351407	NA	1719	NA	12	1.006	FALSE
YLR234W	1971	chr12_611542_611565,	23,	1.16692034500254	0.0670412117381496	NA	NA	NA	NA	0.4408	-0.355758414156271	0.0066	-2.18045606445813	0.650515512946451	0.067365684032589	0.1028	NA	0.01497277676951	0.4804808	NA	0.0137362408653998	NA	1971	468	0.1	0.96	FALSE
YGL139W	2409	chr7_246895_246913,	18,	0.74719800747198	-0.126564294895037	NA	NA	NA	NA	0.3633	-0.439734602137285	0.0222	-1.65364702554936	0.644338812536373	0.242983154338095	0.1425	NA	0.0611065235342692	0.418305	NA	0.0530713235557787	NA	2409	NA	0.9	1.003	FALSE
YGL006W	3522	chr7_488667_488696,	29,	0.823395797842135	-0.084391353732302	NA	NA	NA	NA	0.3805	-0.419645338893408	0.0418	-1.37882371822496	0.644862024897051	0.153669129610494	0.1585	NA	0.109855453350854	0.441681	NA	0.0946384381487997	NA	3522	98.9	0.6	1.003	FALSE
YMR162C	4971	chr13_582312_582325,	13,	0.261516797425065	-0.582500410832162	NA	NA	NA	NA	0.4136	-0.383419469914114	0.0326	-1.48678239993206	0.650324381464311	0.423768423733633	0.1337	NA	0.0788201160541586	0.4652082	NA	0.0700761508503074	NA	4971	NA	0.3	1.017	FALSE
YNL139C	4794	chr14_361289_361305,	16,	0.33375052148519	-0.47657804704171	NA	NA	NA	NA	0.2926	-0.533725678210708	0.1295	-0.887730231582729	0.65944990427215	0.0149176664803924	0.1509	NA	0.442583732057416	0.3508474	NA	0.369106340819399	NA	4794	521	NA	0.886	FALSE
YOR043W	1461	chr15_411472_411494,	22,	1.50581793292266	0.177772464887909	NA	NA	NA	NA	0.3487	-0.457548052624023	0.0104	-1.98296666070122	0.640131721457309	0.0552523913207044	0.1543	NA	0.02982506452538	0.4082598	NA	0.0254739751501372	NA	1461	1800	1.2	1.018	FALSE
YHR119W	3243	chr8_348091_348118,	27,	0.832562442183164	-0.0795831845139854	NA	NA	NA	NA	0.3508	-0.454940415305997	0.0635	-1.19722627470802	0.640611137922166	0.16669134183223	0.1464	NA	0.181014823261117	0.4073104	NA	0.155900757751337	NA	3243	172	0.7	NA	NA
YBR058C	2346	chr2_353640_353674,	34,	1.44927536231884	0.161150909262745	0.17010005	-0.769295558728872	2.2785	0.357649032918468	0.4854	-0.313900228004084	0.046	-1.33724216831843	0.655995407616457	0.166474601389701	0.162	0.0746543998244459	0.0947672023073754	0.547932	1.6927	0.0839520232437602	0.100490370414131	2346	3040	0.7	1.005	FALSE
YNL088W	4287	chr14_459617_459643,	26,	0.606484721250292	-0.217180135539815	0.129600367	-0.887393768636342	2.36851	0.374475222686796	0.4	-0.397940008672038	0.0334	-1.47625353318844	0.659498928334997	0.104785449731153	0.1745	0.0547180999869116	0.0835	0.467357	1.7216	0.0714657103670213	0.0752790235827138	4287	5730	1.5	0	TRUE
YIL038C	2511	chr9_281210_281230,	20,	0.796495420151334	-0.0988167170489412	0.131300264	-0.881734400691724	2.09835	0.321877929229836	0.4418	-0.354774288464584	0.028	-1.55284196865778	0.651872820278505	0.0196056057585891	0.1443	0.0625730998165225	0.06337709370756	0.4974998	1.5686	0.0562814296608762	0.083705383144205	2511	2490	2	0.953	FALSE
YHR139C	981	chr8_379081_379098,	17,	1.7329255861366	0.238779913998325	0.159700023	-0.796695021314414	2.54599	0.40585669352292	0.4443	-0.352323686759129	0.0131	-1.88272870434424	0.638644908491928	0.12056355432916	0.1802	0.0627260998668494	0.029484582489309	0.5138572	1.9006	0.0254934639429009	0.0840261091234347	981	NA	0.1	1.017	FALSE
YPR085C	1332	chr16_709674_709690,	16,	1.2012012012012	0.0796157578216425	NA	NA	NA	NA	0.3908	-0.408045444953265	0.1039	-0.983384452442822	0.656893312688517	0.0406353106957617	0.1215	NA	0.265864892528147	0.437699	NA	0.237377741324518	NA	1332	NA	0.3	0	TRUE
YDL084W	1341	chr4_305863_305897,	34,	2.53542132736764	0.404050139190656	NA	NA	NA	NA	0.1441	-0.841336019186011	0	NA	0.656499603582825	0.131426421274669	0.3743	NA	0	0.2885798	NA	0	NA	1341	51700	7.1	0	TRUE
YOR092W	1842	chr15_496389_496400,	11,	0.597176981541802	-0.223896940702605	0.115099994	-0.938924699009365	2.01882	0.305097598541643	0.3976	-0.400553624274724	0.0248	-1.60554831917378	0.63882655894976	0.166122428370784	0.1815	0.0570134999653263	0.062374245472837	0.467659	1.3704	0.053030092439149	0.0839900715119673	1842	NA	0.4	1.009	FALSE
YNL199C	1605	chr14_266053_266072,	19,	1.18380062305296	0.073278564211938	0.098400244	-1.00700382466091	2.05586	0.312993536734891	0.3784	-0.422048872270245	0.0236	-1.62708799702989	0.659124795693811	0.0745942042298728	0.0902	0.0478633000301577	0.0623678646934461	0.4132172	1.6059	0.0571128210539155	0.0612742038732175	1605	NA	1.2	0.892	FALSE
YIL017C	2766	chr9_319574_319587,	13,	0.46999276934201	-0.327908823466455	0.120500027	-0.919012855778327	2.03686	0.308961179556398	0.4257	-0.370896349822864	0.0338	-1.47108329972235	0.65177752077336	0.0942177266915563	0.1133	0.0591597002248559	0.0793986375381724	0.4694338	1.4955	0.0720016326050659	0.0805750765630224	2766	NA	NA	0.961	NA
YLR288C	1425	chr12_713976_713988,	12,	0.842105263157895	-0.0746336182969042	NA	NA	NA	NA	0.3989	-0.39913596369016	0.0172	-1.76447155309245	0.643498468067691	0.0402856083791169	0.1077	NA	0.0431185760842316	0.4404722	NA	0.0390490024115029	NA	1425	NA	0.2	1.002	FALSE
YGR233C	3537	chr7_958119_958131,	12,	0.339270568278202	-0.469453813767127	NA	NA	NA	NA	0.3447	-0.462558716592052	0.0099	-2.00436480540245	0.645809241289155	0.0940964832549416	0.1339	NA	0.0287206266318538	0.3963854	NA	0.0249756928484248	NA	3537	2930	0.3	0.955	FALSE
YBR127C	1554	chr2_491335_491355,	20,	1.28700128700129	0.109578981199086	0.014400005	-1.84163735710808	1.68327	0.226153783299221	0.1871	-0.72792621249999	0.0035	-2.45593195564972	0.65587046182785	0.0941315008885959	0.39	0.00855478027886198	0.0187065740245858	0.33764	0.7066	0.0103660703708091	0.0203792881403906	1554	131000	5.8	0.944	FALSE
YIL072W	1818	chr9_227839_227859,	20,	1.1001100110011	0.0414361167780326	0.129100101	-0.889073417968084	2.14316	0.331054594991068	0.5149	-0.288277108172765	0.0379	-1.42136079003193	0.652457887791983	0.0398827043970796	0.1287	0.060238200134381	0.0736065255389396	0.5645782	1.6018	0.0671297616521502	0.0805968916219253	1818	NA	NA	1.007	FALSE
YKL176C	2487	chr11_117003_117016,	13,	0.522718134298351	-0.281732432963099	0.126700363	-0.897222140849225	2.29263	0.360333971029922	0.4276	-0.36896230346326	0.0295	-1.53017798402184	0.623468601459753	0.00540317717101324	0.1172	0.0552642000671718	0.0689897100093545	0.4728392	1.7649	0.0623890743407061	0.0717889755793529	2487	NA	1.1	0.958	FALSE
YNR038W	1890	chr14_696292_696320,	28,	1.48148148148148	0.170696227168975	0.194099958	-0.711974558585724	2.13505	0.329408050072906	0.3084	-0.51088563062108	0.0546	-1.26280735729526	0.660692361879843	0.0593496673728677	0.1869	0.0909112002060842	0.17704280155642	0.3805434	1.4735	0.143479035505543	0.131727151679674	1890	12700	1	0	TRUE
YOR341W	4995	chr15_960997_961038,	41,	0.820820820820821	-0.0857516358422656	0.030200073	-1.51999200725944	2.19216	0.340872248982588	0.3428	-0.464959186748839	0.0086	-2.06550154875643	0.642775380914027	0.0301440937112504	0.2794	0.0137763999890519	0.0250875145857643	0.4506484	1.3382	0.0190836137441074	0.0225676827081154	4995	2840	2	0	TRUE
YLR146C	903	chr12_433341_433388,	47,	5.20487264673311	0.716410107622212	NA	NA	NA	NA	0.328	-0.484126156288321	0.0455	-1.34198860334289	0.649444806410025	0.239449381738485	0.168	NA	0.138719512195122	0.392848	NA	0.115820877285871	NA	903	3870	1.5	1.015	FALSE
YPL147W	2613	chr16_274248_274267,	19,	0.727133562954459	-0.138385808774497	NA	NA	NA	NA	0.3475	-0.459045191073867	0.0247	-1.60730304674033	0.656760060310629	0.0713968163134204	0.1312	NA	0.0710791366906475	0.3981432	NA	0.0620379803045738	NA	2613	NA	NA	1.008	FALSE
YBR067C	633	chr2_372226_372242,	16,	2.52764612954186	0.40271627263857	NA	NA	NA	NA	0.3097	-0.509058794643213	0.0406	-1.39147396642281	0.657786378541096	0.376835859143977	0.4498	NA	0.131094607684856	0.4833228	NA	0.0840018306605854	NA	633	35600	10.7	1.026	FALSE
YLR270W	1053	chr12_681510_681588,	78,	7.40740740740741	0.869666231504994	NA	NA	NA	NA	0.3274	-0.484921324924077	0.0127	-1.89619627904404	0.648774780382393	0.528249542986617	0.2544	NA	0.0387904703726329	0.4255984	NA	0.0298403377456306	NA	1053	9920	0.8	0.802	FALSE
YLR353W	1812	chr12_834458_834477,	19,	1.0485651214128	0.0205954076120347	0.318299428	-0.497164141827212	1.96976	0.294413313966035	0.2814	-0.550675906901273	0.0198	-1.70333480973847	0.637933286909914	0.0161219716929215	0.1054	0.161593000162456	0.070362473347548	0.3220844	1.5092	0.0614745700195353	0.210906061489531	1812	NA	0.3	1.012	FALSE
YML072C	4638	chr13_128446_128496,	50,	1.07805088400172	0.0326392600340503	NA	NA	NA	NA	0.388	-0.411168274405793	0.0291	-1.53610701101409	0.646198127124623	0.0825077728295042	0.2064	NA	0.075	0.4676704	NA	0.0622233094076512	NA	4638	4280	2.5	1.018	FALSE
YOL088C	834	chr15_154472_154497,	25,	2.99760191846523	0.476773958034299	0.313000759	-0.504454609325398	1.98103	0.296891052386505	0.34	-0.468521082957745	0.0798	-1.09799710864927	0.612491797100884	0.0588055206737767	0.1739	0.157999000015144	0.234705882352941	0.4071254	1.3114	0.196008404290177	0.238676802653653	834	1520	1	1.018	FALSE
YNL277W	1461	chr14_117667_117684,	17,	1.16358658453114	0.0657987054439772	0.071500053	-1.14569363627446	2.09543	0.321273157357165	0.447	-0.349692476868063	0.0165	-1.78251605578609	0.671473006945332	0.0998321076451372	0.1361	0.03412190003961	0.0369127516778524	0.4995346	1.5066	0.0330307450174623	0.047457887295898	1461	2240	0.2	NA	FALSE
YPL122C	1542	chr16_320162_320201,	39,	2.52918287937743	0.402980233311561	0.031299898	-1.50445707772861	2.09161	0.320480709527114	0.2974	-0.526659035814064	0.006	-2.22184874961636	0.657906855082497	0.10849511796663	0.1721	0.0149645000741056	0.0201748486886348	0.3638306	1.424	0.0164911912302044	0.0219802654494382	1542	8900	0.9	0	TRUE
YMR217W	1578	chr13_701890_701910,	20,	1.26742712294043	0.10292299679058	0.01729999	-1.76195414790855	2.15208	0.332858411470549	0.3058	-0.514562518923699	0.0022	-2.65757731917779	0.649546087345591	0.0276710749143034	0.4622	0.00803872997286346	0.00719424460431655	0.4842092	0.9623	0.00454349070608324	0.0179777512210329	1578	NA	8.1	NA	FALSE
YOR081C	2250	chr15_477871_477953,	82,	3.64444444444444	0.561631334272354	NA	NA	NA	NA	0.5008	-0.300335679797627	0.02	-1.69897000433602	0.639267577756438	0.418735658749055	0.1433	NA	0.0399361022364217	0.5561138	NA	0.0359638620728347	NA	2250	358	0.8	1.011	FALSE
YER168C	1641	chr5_522595_522620,	25,	1.52346130408288	0.182831427618944	0.129800041	-0.886725170354825	2.04608	0.310922610255575	0.3522	-0.453210648368742	0.0312	-1.50584540598156	0.643491061797774	0.0787665121353875	0.1374	0.063438399769315	0.0885860306643952	0.4052364	1.4724	0.0769920964651744	0.0881554204020647	1641	13500	0.4	0	TRUE
YNL083W	1485	chr14_472832_472852,	20,	1.34680134680135	0.12930354201075	NA	NA	NA	NA	0.5441	-0.264321274094095	0.1889	-0.723768042078166	0.659886459102365	0.0393909916045847	0.1264	NA	0.34717882742143	0.5928904	NA	0.31860863323137	NA	1638	1170	0.3	1.014	FALSE
YHR206W	1869	chr8_514040_514053,	13,	0.695559122525415	-0.157665949071995	0.086800227	-1.06147913905486	2.12956	0.328289880757185	0.3577	-0.44648105985103	0.016	-1.79588001734408	0.644964366932826	0.32599021967528	0.1409	0.0407597001258476	0.0447302208554655	0.4120874	1.5685	0.0388267149153311	0.055339641058336	1869	2570	1.1	0.996	FALSE
YMR061W	2034	chr13_394236_394275,	39,	1.91740412979351	0.282713658439773	0.086999938	-1.06048105687871	1.71733	0.234853756668383	0.2649	-0.576918041702769	0.0216	-1.66554624884907	0.652218193669287	0.294200736222694	0.1493	0.0506600001164599	0.0815402038505096	0.3225298	1.1184	0.0669705558990208	0.0777896441344778	2034	5350	1.1	0	TRUE
YFL007W	6432	chr6_127134_127162,	28,	0.435323383084577	-0.361188004398176	NA	NA	NA	NA	0.3835	-0.416234631715	0.0252	-1.59859945921846	0.652569003498769	0.0362258240240333	0.1497	NA	0.0657105606258149	0.4412842	NA	0.0571060554626701	NA	6432	2600	0.7	1.008	FALSE
YNL025C	972	chr14_585131_585153,	22,	2.26337448559671	0.354756415895932	0.044600014	-1.35066500496226	1.98217	0.297140898835347	0.368	-0.434152181326482	0.0076	-2.11918640771921	0.658957341429437	0.142228210039681	0.1392	0.0225005998476417	0.0206521739130435	0.4217312	1.4297	0.0180209574250138	0.0311953654612856	972	NA	0.1	0.864	FALSE
YNL255C	462	chr14_167701_167717,	16,	3.46320346320346	0.539478007099799	0.028699902	-1.54211958622531	2.08634	0.319385084575407	0.2204	-0.656788409820252	0.0057	-2.24412514432751	0.66008271278821	0.158184639741213	0.4206	0.0137561001562545	0.0258620689655172	0.3827516	0.9612	0.0148921650490814	0.0298584082397004	462	96700	6.4	1.021	FALSE
YDR443C	4263	chr4_1347044_1347061,	17,	0.398780201735867	-0.399266411268858	0.112399988	-0.949233735132919	2.23928	0.350108401239601	0.3959	-0.402414498247795	0.0258	-1.58838029403677	0.651556631605856	0.00945128699818391	0.1246	0.0501947000821693	0.0651679717100278	0.4439956	1.7161	0.0581086839599311	0.0654973416467572	4263	NA	0.2	0.896	FALSE
YLR363C	657	chr12_853126_853141,	15,	2.28310502283105	0.3585258894959	NA	NA	NA	NA	0.5438	-0.264560796748519	0.0129	-1.88941028970075	0.638969046043834	0.0207070142640938	0.2157	NA	0.0237219566016918	0.6270602	NA	0.020572187486943	NA	657	6090	0.3	1.002	FALSE
YOR326W	4725	chr15_928447_928475,	28,	0.592592592592593	-0.227243781503063	NA	NA	NA	NA	0.3542	-0.450751443145944	0.0064	-2.19382002601611	0.640993095044679	0.131415821860885	0.1934	NA	0.018068887634105	0.4288524	NA	0.0149235494543111	NA	4725	4340	2.4	0	TRUE
YER091C	2304	chr5_342130_342147,chr5_341416_341443,	17,27,	1.90972222222222	0.280970201735013	0.025900046	-1.5866994645856	2.09126	0.320408030687455	0.2736	-0.562883906951921	0.0067	-2.17392519729917	0.643315737749295	0.107289522071781	0.6573	0.0123849000124327	0.0244883040935673	0.5273178	0.6515	0.0127058104239986	0.0397544834996163	2304	264000	3.5	1.016	FALSE
YDR456W	1902	chr4_1368069_1368080,chr4_1367966_1367985,	11,19,	1.57728706624606	0.197910742118267	0.067199908	-1.17263132151641	2.04949	0.311645803620847	0.3762	-0.42458120878564	0.0156	-1.80687540164554	0.651352021359137	0.3330802720051	0.1558	0.0327886000907543	0.0414673046251994	0.4363388	1.4344	0.0357520348866523	0.0468487925264919	1902	521	0.6	1.004	FALSE
YKL104C	2154	chr11_244656_244688,	32,	1.48560817084494	0.171904279357943	0.02180007	-1.66154211187407	2.08923	0.319986253399359	0.3115	-0.506541949004812	0.0013	-2.88605664769316	0.631931977270856	0.00427128655551389	0.2715	0.0104344997917893	0.00417335473515249	0.416299	1.258	0.00312275551947038	0.0173291494435612	2154	NA	2.2	0	TRUE
YCR033W	3681	chr3_189315_189353,	38,	1.03232817169247	0.0138177791701435	NA	NA	NA	NA	0.2156	-0.666351243485299	0.0908	-1.04191415147891	0.651424557188745	0.019137590136083	0.1197	NA	0.421150278293135	0.2618042	NA	0.346824076924663	NA	3681	396	0.6	1.007	FALSE
YER045C	1470	chr5_240968_240986,	18,	1.22448979591837	0.08795517035513	0.539399968	-0.268089083647725	2.34262	0.369701846732926	0.3893	-0.409715596281838	0.1379	-0.86043573382415	0.639793524949069	0.0143920006589762	0.1605	0.230254999957313	0.354225533007963	0.451253	1.775	0.305593536220258	0.303887305915493	1470	NA	0.6	1.011	FALSE
YOL130W	2580	chr15_76148_76182,	34,	1.31782945736434	0.119859211079025	NA	NA	NA	NA	0.4393	-0.35723879673468	0.0279	-1.5543957967264	0.566393806201863	0.0896772708640295	0.1448	NA	0.063510129751878	0.4951928	NA	0.056341691559328	NA	2580	NA	1.3	0	TRUE
YFL037W	1374	chr6_56859_56876,	17,	1.2372634643377	0.0924621886547423	0.005200019	-2.28399506952288	2.06005	0.313877761369431	0.2281	-0.641874714723351	0.001	-3	0.63387357321641	0.0966587080722012	0.2714	0.00252421980049028	0.00438404208680403	0.3328604	1.2071	0.0030042624475606	0.00430786098914754	1374	NA	6.5	0	TRUE
YDR293C	3753	chr4_1046838_1046874,	36,	0.959232613908873	-0.0180760636457951	0.063899993	-1.1944991894169	2.41513	0.382940512629196	0.4491	-0.347656944937285	0.0163	-1.78781239559604	0.650298528445558	0.136543903042151	0.1861	0.0264582001797005	0.0362948118459141	0.5209346	1.7657	0.0312899162390058	0.0361896092201393	3753	1100	0.8	0.954	FALSE
YDR402C	1470	chr4_1273184_1273196,	12,	0.816326530612245	-0.0881360887005513	0.168400436	-0.773656788417432	2.26009	0.354125733716038	0.4904	-0.309449538489641	0.0447	-1.34969247686806	0.65112166134788	0.243352832728183	0.1345	0.0745105000243353	0.0911500815660685	0.542317	1.7465	0.0824241172598314	0.096421663899227	1470	NA	NA	1.005	FALSE
YKR048C	1254	chr11_526226_526248,	22,	1.75438596491228	0.244125144327509	NA	NA	NA	NA	0.5922	-0.22753159694672	0	NA	0.636005729283725	0.0101007509961284	0.1535	NA	0	0.651451	NA	0	NA	1254	8070	3.6	0.997	FALSE
YLR153C	2052	chr12_445531_445548,	17,	0.828460038986355	-0.0817284350615047	NA	NA	NA	NA	0.2764	-0.558461961297839	0	NA	0.650924868076396	0.247612032644205	0.3713	NA	0	0.4197218	NA	0	NA	2052	225000	4.6	0	TRUE
YLR166C	2616	chr12_496606_496622,	16,	0.611620795107034	-0.213517756996305	NA	NA	NA	NA	0.3378	-0.47134035476501	0.02	-1.69897000433602	0.651092285675647	0.0731536088165354	0.1617	NA	0.059206631142688	0.4002162	NA	0.0499729895991217	NA	2616	2340	0.6	0	TRUE
YDR207C	2511	chr4_867079_867114,	35,	1.39386698526483	0.144221331637353	0.221799563	-0.654039313853565	1.85997	0.269505939411718	0.2705	-0.567832730557412	0.0513	-1.28988263488818	0.65048866939036	0.169305449834448	0.145	0.119249000252692	0.189648798521257	0.32647	1.2873	0.157135418262015	0.172298270022528	2511	217	0.3	0.915	FALSE
YGL062W	3537	chr7_385786_385814,	28,	0.791631325982471	-0.101477028472532	0.027499888	-1.56066907493632	2.31142	0.363878866772675	0.4224	-0.374276090474244	0.0059	-2.22914798835786	0.646932073365438	0.206726718777275	0.2605	0.0118973998667486	0.013967803030303	0.522953	1.5014	0.0112820846232835	0.0183161635806581	3537	12500	1.1	1.013	FALSE
YBR011C	864	chr2_257784_257804,	20,	2.31481481481481	0.364516253185088	NA	NA	NA	NA	0.1187	-0.925549281045409	0.0099	-2.00436480540245	0.656315279674171	0.299309715975891	0.6209	NA	0.0834035383319292	0.3583674	NA	0.0276252806477375	NA	864	68400	12.3	0	TRUE
YDR097C	3729	chr4_642197_642216,	19,	0.509519978546527	-0.292838782408478	NA	NA	NA	NA	0.4477	-0.349012905616555	0.053	-1.27572413039921	0.654582096547415	0.029269880727273	0.1524	NA	0.118382845655573	0.5065264	NA	0.104634230318499	NA	3729	5330	0.8	1.006	FALSE
YML100W	3297	chr13_71484_71498,chr13_72609_72635,	14,26,	1.21322414316045	0.0839410441848094	NA	NA	NA	NA	0.2837	-0.547140664204148	0.0242	-1.61618463401957	0.647036334286766	0.117658981145586	0.1637	NA	0.0853013746915756	0.3468882	NA	0.0697631109965689	NA	3297	1960	1.3	1.015	FALSE
YBR015C	1794	chr2_267712_267725,	13,	0.72463768115942	-0.139879086401237	0.195800504	-0.708186194636368	2.17881	0.338219359870258	0.3355	-0.474307475494989	0.057	-1.24412514432751	0.656457463938401	0.0987295480156263	0.1697	0.0898658001386078	0.169895678092399	0.4010042	1.4713	0.142143149622872	0.133079932032896	1794	6730	1.2	0.964	FALSE
YFL036W	4056	chr6_60385_60411,	26,	0.641025641025641	-0.193124598354462	0.095900132	-1.01818079505215	2.35321	0.371660685260025	0.4058	-0.391687957302673	0.0213	-1.67162039656126	0.633933887953181	0.0395533469007235	0.1689	0.0407529000811657	0.0524889107934943	0.4709954	1.7265	0.0452233716083002	0.05554597856936	4056	NA	0.8	0.845	FALSE
YGL156W	3252	chr7_213076_213103,	27,	0.830258302583026	-0.0807867727630432	0.069100141	-1.1605210664397	2.22615	0.347554424139525	0.3957	-0.402633949733972	0.0182	-1.73992861201493	0.641141162548653	0.0350972750095687	0.1757	0.0310401998966826	0.0459944402324994	0.4635202	1.6055	0.039264739702822	0.0430396393646839	3252	319	0.2	1.019	FALSE
YNR001C	1440	chr14_630891_630914,	23,	1.59722222222222	0.203365343922343	NA	NA	NA	NA	0.3128	-0.50473325561219	0.0058	-2.23657200643706	0.66019977224249	0.0524890737092435	0.2544	NA	0.018542199488491	0.4109984	NA	0.0141119770782563	NA	1440	NA	3.7	0.987	FALSE
YPL082C	5604	chr16_401328_401363,	35,	0.624553890078515	-0.204430082263461	NA	NA	NA	NA	0.4458	-0.350859935855781	0.0174	-1.7594507517174	0.657826251715926	0.0752595231712034	0.1404	NA	0.0390309555854643	0.4999944	NA	0.0348003897643654	NA	5604	6560	0.9	0	TRUE
YGR060W	930	chr7_610799_610821,	22,	2.36559139784946	0.373939732268271	0.013700008	-1.86327917924105	1.82896	0.26220420740685	0.1497	-0.824778199656948	0.0045	-2.34678748622466	0.647967531606075	0.149346481407908	0.5014	0.00749060012247397	0.030060120240481	0.3432404	0.5907	0.0131103448195492	0.0231928356187574	930	77100	20.5	0	TRUE
YBL068W	984	chr2_92624_92645,	21,	2.13414634146341	0.329224196302578	0.024200095	-1.61618292914788	1.9787	0.296379953771386	0.3311	-0.480040819247932	0.0042	-2.3767507096021	0.64903091757118	0.0746459872997842	0.1989	0.0122303001970991	0.0126849894291755	0.4078754	1.2818	0.0102972623502177	0.018879774535809	984	5280	2.8	1.006	FALSE
YCL014W	4911	chr3_97100_97128,	28,	0.570148645896966	-0.244011902789385	0.361901535	-0.441409574834282	2.25923	0.353960446345839	0.3819	-0.418050341626682	0.0907	-1.0423927129399	0.641101809343775	0.0219568220318974	0.1407	0.160187999893769	0.237496726891856	0.4362102	1.7113	0.207927279096179	0.211477552153334	4911	NA	0.1	1.003	FALSE
YBR001C	2343	chr2_240996_241009,	13,	0.554844216816048	-0.255828936290126	NA	NA	NA	NA	0.6566	-0.182699121606679	0.0552	-1.2580609222708	0.657069903725408	0.0451443809287542	0.123	NA	0.0840694486749924	0.704078	NA	0.0784004045006377	NA	2343	2500	0.4	1.029	FALSE
YLR144C	2340	chr12_430671_430688,	17,	0.726495726495726	-0.138766936031869	NA	NA	NA	NA	0.3494	-0.456677099353088	0.0451	-1.34582345812204	0.648435099935766	0.041583074775569	0.1479	NA	0.129078420148827	0.4064894	NA	0.110950002632295	NA	2340	1420	0.6	1.008	FALSE
YLL040C	9435	chr12_61592_61608,	16,	0.169581346051934	-0.770621921845025	NA	NA	NA	NA	0.4131	-0.383944805023414	0.0189	-1.72353819582676	0.631050767414404	0.0378782810059542	0.1633	NA	0.0457516339869281	0.4761338	NA	0.039694724466106	NA	9435	125	0.9	1.016	FALSE
YGR157W	2610	chr7_802973_802994,	21,	0.804597701149425	-0.0944212126043617	0.144000037	-0.84163739631521	2.40475	0.381069933406738	NA	NA	NA	NA	0.645182194307363	0.0352825102148262	0.1703	0.0598814999480195	NA	NA	1.7533	NA	0.0821308600923972	2610	1810	4.9	1.008	FALSE
YOR125C	702	chr15_559655_559683,	28,	3.98860398860399	0.600820919212414	0.105400205	-0.977158544433888	2.10808	0.323887087991789	0.3332	-0.47729500726525	0.0231	-1.63638802010786	0.635905536037551	0.0454515031066333	0.1681	0.0499981997836894	0.069327731092437	0.3980866	1.5046	0.0580275749045559	0.0700519772697062	702	NA	1.5	0.958	FALSE
YDL056W	2502	chr4_353953_353977,chr4_353951_353974,	24,23,	1.87849720223821	0.273810552578316	NA	NA	NA	NA	0.3116	-0.506402550999473	0.0064	-2.19382002601611	0.656364594727863	0.0309858177009226	0.1317	NA	0.0205391527599487	0.3624362	NA	0.0176582802711208	NA	2502	521	0.7	0.838	FALSE
YDL141W	2073	chr4_204899_204916,	17,	0.820067534973468	-0.0861503807155869	NA	NA	NA	NA	0.3133	-0.504039605118295	0.0438	-1.3585258894959	0.65435041716329	0.0174716864994366	0.1313	NA	0.139802106607086	0.3639818	NA	0.120335687114026	NA	2073	1970	0.7	0	TRUE
YKL062W	1893	chr11_323657_323671,	14,	0.739566825145272	-0.131022578285559	0.185500387	-0.731655180001554	2.2301	0.348324337700387	0.3329	-0.477686204843333	0.0336	-1.47366072261016	0.636404463757522	0.12233219613675	0.1596	0.0831802999865477	0.100931210573746	0.3945056	1.5943	0.0851698936593042	0.116352246754061	1893	NA	1.1	1.005	FALSE
YIR027C	1383	chr9_406355_406368,	13,	0.93998553868402	-0.0268788278024738	0.141200322	-0.850164312897078	1.79887	0.254999779063923	0.4172	-0.379655700245507	0.0364	-1.43889861635094	0.653759338346605	0.160903940504666	0.1302	0.0784939000594818	0.087248322147651	0.4674572	1.2873	0.0778680914530785	0.109687191796784	1383	NA	NA	0.997	FALSE
YNR026C	1416	chr14_673564_673607,	43,	3.03672316384181	0.482405202225836	NA	NA	NA	NA	0.3323	-0.478469658721289	0.0287	-1.54211810326601	0.659455581647157	0.312396835840079	0.1371	NA	0.0863677399939813	0.3852206	NA	0.0745027654284324	NA	1416	6160	0.8	0	TRUE
YKL034W	2277	chr11_373286_373301,	15,	0.658761528326746	-0.181271771559462	0.08239997	-1.08407294641984	1.95644	0.29146653352038	0.3706	-0.431094585017121	0.0198	-1.70333480973847	0.635821313390728	0.0439616449557372	0.1191	0.0421172997894134	0.0534268753372909	0.4165726	1.407	0.0475307305377262	0.0585642999289268	2277	NA	0.6	1.014	FALSE
YNR058W	1443	chr14_734772_734796,	24,	1.66320166320166	0.220944910618112	NA	NA	NA	NA	0.3891	-0.409938769196257	0.0209	-1.67985371388895	0.660294926758584	0.0535017500397442	0.1579	NA	0.0537136982780776	0.4500494	NA	0.0464393464361912	NA	1443	NA	0.3	1.02	FALSE
YKL016C	525	chr11_407583_407622,	39,	7.42857142857143	0.870905303620542	NA	NA	NA	NA	0.394	-0.404503778174426	0.0216	-1.66554624884907	0.638463182355239	0.00680049172617662	0.2242	NA	0.0548223350253807	0.4805412	NA	0.0449493196421035	NA	525	6820	2.8	0.855	FALSE
YMR243C	1329	chr13_754863_754900,	37,	2.78404815650865	0.444676743124263	0.074899946	-1.12551849541015	2.11923	0.326178093242288	0.4337	-0.362810577851238	0.0114	-1.94309514866353	0.649857253571973	0.167690148041907	0.2155	0.0353430000519056	0.0262854507724233	0.516883	1.3486	0.0220552813692847	0.0555390375203915	1329	8200	6.2	1.02	FALSE
YKL060C	1080	chr11_326274_326293,	19,	1.75925925925926	0.245329845465879	0.044899962	-1.34775402655118	1.98639	0.298064520201486	0.052	-1.2839966563652	0.0132	-1.87942606879415	0.636257962809043	1.21210156096592	0.8687	0.0226037998580339	0.253846153846154	0.3873182	0.1997	0.0340805053829126	0.224837065598398	1080	1020000	74.1	0	TRUE
YDR045C	333	chr4_548187_548208,	21,	6.30630630630631	0.799775061227599	0.008000017	-2.09690909013326	1.61657	0.208594514982543	0.2546	-0.594141600682363	0	NA	0.656029242423413	0.149310037015752	0.144	0.00494876002895019	0	0.310184	0.9939	0	0.00804911661132911	333	NA	5.3	0	TRUE
YDR159W	3906	chr4_772598_772612,	14,	0.3584229390681	-0.445604203273598	0.348800852	-0.457422462906768	2.5194	0.401297125021583	0.52	-0.283996656365201	0.1024	-0.989700043360188	0.649791156000767	0.138850607960236	0.1409	0.138445999841232	0.196923076923077	0.5743874	1.9846	0.178276891171359	0.175753729718835	3906	339	0.6	0.885	FALSE
YBR208C	5508	chr2_639177_639193,	16,	0.290486564996369	-0.536873948928961	NA	NA	NA	NA	0.4087	-0.388595362288406	0.0227	-1.64397414280688	0.653230315900581	1.54066487996361	0.1942	NA	0.0555419623195498	0.4836612	NA	0.0469336800222966	NA	5508	952	0.9	0.992	FALSE
YIL037C	1971	chr9_283116_283127,	11,	0.558092338914257	-0.253293939121218	0.499700331	-0.301290362881956	2.34794	0.37068699461908	0.3696	-0.432268037451931	0.1257	-0.900664722314042	0.65330746998509	0.312420245840004	0.1036	0.212825000212953	0.340097402597403	0.4095896	1.8495	0.306892557818851	0.270181309002433	1971	NA	NA	1.022	FALSE
YNR006W	1869	chr14_637303_637314,	11,	0.588550026752274	-0.230216616220607	0.195200445	-0.709519196603629	1.93352	0.286348668700119	0.3422	-0.465719994794918	0.0587	-1.23136189875239	0.661889444112148	0.0156921062236402	0.1357	0.100955999937937	0.171537112799532	0.3945802	1.3967	0.148765700863855	0.13975831961051	1869	172	0.4	0.973	FALSE
YPL132W	903	chr16_302337_302359,	22,	2.43632336655592	0.3867349305087	0.145100031	-0.838332494777099	2.11419	0.325144014307093	0.5074	-0.294649537114288	0.0375	-1.42596873227228	0.662185586965096	0.17158348239328	0.1508	0.0686315000070949	0.0739061884115097	0.5656088	1.59	0.0663002414389592	0.0912578811320755	903	NA	0.7	0.986	FALSE
YER021W	1572	chr5_198165_198198,	33,	2.09923664122137	0.322061398174498	0.072999968	-1.13667733025525	1.79262	0.253488237474264	0.3054	-0.515130967279598	0.0146	-1.83564714421556	0.641503973190485	0.0165192222397061	0.1833	0.0407225000278921	0.0478061558611657	0.3761538	1.0836	0.0388139106929134	0.0673680029531192	1572	16700	3	0	TRUE
YER155C	6504	chr5_481360_481371,chr5_479878_479908,	11,30,	0.630381303813038	-0.200396675866276	0.148500322	-0.828272604645277	2.21592	0.345554077272228	0.3712	-0.430392032453176	0.0293	-1.53313237964589	0.643003497516469	0.132746243752015	0.1486	0.0670152000072205	0.0789331896551724	0.4285596	1.6488	0.0683685536387471	0.0900656974769529	6504	1230	1.6	0.899	FALSE
YGL131C	4212	chr7_263965_263985,	20,	0.474833808167141	-0.323458366849468	0.334800455	-0.475213960464157	2.29589	0.360951076436119	0.4299	-0.366632554882993	0.0915	-1.03857890593355	0.646193946852463	0.102722638033563	0.1315	0.145825999939021	0.212840195394278	0.480659	1.7515	0.190363646576887	0.19115070225521	4212	NA	0.3	1.008	FALSE
YDR343C	1713	chr4_1159897_1159920,	23,	1.34267367192061	0.127970473052082	NA	NA	NA	NA	0.6647	-0.177374321225859	0.0635	-1.19722627470802	0.652205295814487	0.156396746768415	0.5186	NA	0.0955318188656537	0.8648796	NA	0.073420624096117	NA	1713	NA	11.1	NA	NA
YMR014W	1560	chr13_299671_299685,	14,	0.897435897435897	-0.0469965626762236	NA	NA	NA	NA	0.287	-0.542118103266008	0.0725	-1.13966199342901	0.651277332574908	0.0172647575196714	0.1612	NA	0.252613240418118	0.3492232	NA	0.207603618545389	NA	1560	3250	0.7	NA	FALSE
YER110C	3342	chr5_380906_380929,	23,	0.68821065230401	-0.16227860953978	0.027299907	-1.56383883242648	2.37831	0.37626846193733	0.3458	-0.461175011062096	0.0067	-2.17392519729917	0.647543537264096	0.0553427524601338	0.3432	0.0114787000012614	0.0193753614806246	0.4782752	1.4077	0.0140086711583624	0.0193932705832209	3342	38300	1.9	0.861	FALSE
YLR131C	2313	chr12_404985_405021,	36,	1.55642023346304	0.192126867996668	NA	NA	NA	NA	0.337	-0.472370099128661	0.0381	-1.41907502432438	0.647552959266666	0.613459340386898	0.1186	NA	0.113056379821958	0.3827796	NA	0.0995350849418308	NA	2313	538	0.8	0.937	FALSE
YOL081W	9240	chr15_174372_174383,	11,	0.119047619047619	-0.924279286061882	NA	NA	NA	NA	0.3877	-0.41150419899279	0.0253	-1.59687947882418	0.6127540671199	0.07670925246046	0.1392	NA	0.0652566417332989	0.4414312	NA	0.0573135745728893	NA	9240	NA	0.9	1.003	FALSE
YOL140W	1272	chr15_58925_58942,	17,	1.33647798742138	0.125961810065879	0.072600263	-1.13906180603211	2.2908	0.359987174441292	0.378	-0.422508200162775	0.019	-1.72124639904717	0.542514806998434	0.153810462737692	0.2123	0.0316921001396892	0.0502645502645503	0.4599478	1.5843	0.0413090355035941	0.0458248204254245	1272	2300	0.7	NA	NA
YMR058W	1911	chr13_389275_389297,	22,	1.15122972265829	0.0611619937671934	0.122800119	-0.910801212339653	2.38451	0.377399148089119	1.9069	0.280327918747676	0.3539	-0.451119437362485	0.653257685452614	0.0365078212944584	0.2172	0.051499100024743	0.185589176149772	1.9907392	1.5957	0.177773160843972	0.0769568960330889	1911	1050	2.5	1.02	FALSE
YOR177C	1395	chr15_666844_666858,	14,	1.00358422939068	0.00155382806862163	NA	NA	NA	NA	0.3098	-0.508918586576813	0.0501	-1.30016227413275	0.639257836261965	0.221970165084654	0.1467	NA	0.16171723692705	0.3664262	NA	0.136726031053456	NA	1395	NA	NA	1.002	FALSE
YGL107C	1941	chr7_304873_304888,	15,	0.772797527047913	-0.111934276332682	0.196500057	-0.706637319310021	2.10043	0.322308212596077	0.3673	-0.434979071654706	0.0543	-1.26520017041115	0.647250371305022	0.0561461585107421	0.1408	0.0935522997671905	0.147835556765587	0.4216488	1.5217	0.128780160171214	0.129131929421042	1941	4800	0.8	0.963	FALSE
YLL034C	2514	chr12_71169_71186,	17,	0.676213206046142	-0.169916351971665	NA	NA	NA	NA	0.3974	-0.400772137226204	0.0215	-1.66756154008439	0.636769078295342	0.0197625858585906	0.1727	NA	0.0541016607951686	0.4640622	NA	0.046329996280671	NA	2514	4490	2.1	0	TRUE
YLR188W	2088	chr12_529849_529866,	17,	0.814176245210728	-0.0892815729519506	NA	NA	NA	NA	0.4086	-0.388701637703571	0.0101	-1.99567862621736	0.65096914631838	0.131033924367804	0.1247	NA	0.0247185511502692	0.4567342	NA	0.0221135181030893	NA	2088	1040	1.3	1.016	FALSE
YDR505C	2526	chr4_1457402_1457423,	21,	0.831353919239905	-0.0802140514853927	0.182300309	-0.739212595212927	2.19739	0.341907143773697	0.4224	-0.374276090474244	0.0443	-1.35359627377693	0.651680086443085	0.112549263255697	0.1476	0.0829622001556392	0.104876893939394	0.4793736	1.5929	0.0924122646720637	0.114445545231967	2526	259	0.8	1.001	FALSE
YBR196C	1665	chr2_613560_613580,	20,	1.2012012012012	0.0796157578216425	0.01339999	-1.87289552573567	2.23967	0.350184032737328	0.317	-0.498940737782249	8e-04	-3.09691001300806	0.654573995939163	0.26853274788414	0.6813	0.00598301981988418	0.00252365930599369	0.5799818	0.7277	0.00137935362799315	0.0184141679263433	1665	91600	15.4	0	TRUE
YPL042C	1668	chr16_473094_473116,	22,	1.3189448441247	0.120226634520486	NA	NA	NA	NA	0.441	-0.355561410532161	0.0094	-2.0268721464003	0.658290224994874	0.128581712167526	0.1193	NA	0.0213151927437642	0.4870498	NA	0.0192998744686888	NA	1668	NA	0.4	0.905	FALSE
YHR186C	4674	chr8_476150_476175,	25,	0.53487376979033	-0.27174869938417	0.067199978	-1.17263086912594	2.168	0.336059277866349	0.3738	-0.427360702957187	0.0177	-1.75202673363819	0.646963295678718	0.0555261640909944	0.132	0.0309962998154981	0.0473515248796148	0.424752	1.6327	0.0416713752966437	0.0411588032094077	4674	NA	0.3	0	TRUE
YER103W	1929	chr5_364694_364722,	28,	1.45152928978745	0.161825803698335	0.039700019	-1.40120928538819	2.49466	0.397011363512206	0.4268	-0.369775589247568	0.0101	-1.99567862621736	0.64516996129825	0.0544945540828914	0.1843	0.0159139999037945	0.0236644798500469	0.4979398	1.7922	0.020283576448398	0.0221515561879255	1929	17900	0.8	1.024	FALSE
YOL147C	711	chr15_48522_48536,	14,	1.9690576652602	0.294258434948472	0.096800034	-1.01412449015018	2.03811	0.309227619858735	0.3757	-0.425158804936615	0.0213	-1.67162039656126	0.533768699534728	0.0250657816831055	0.1491	0.0474949997792072	0.0566941708810221	0.4332526	1.3806	0.0491630055999664	0.0701144676227727	711	1630	1.3	1.009	FALSE
YLR100W	1044	chr12_342024_342045,	21,	2.01149425287356	0.303518796067676	NA	NA	NA	NA	0.3105	-0.507938395487401	0.014	-1.85387196432176	0.646267359841315	0.0172722650610274	0.1397	NA	0.0450885668276973	0.3644242	NA	0.0384167681509625	NA	1044	NA	3.9	0	TRUE
YKL205W	3303	chr11_50776_50820,	44,	1.33212231304874	0.124544102794773	0.076200156	-1.1180441395545	1.86739	0.271235028800681	0.2605	-0.584192272364457	0.017	-1.76955107862173	0.599372614837459	0.260347256488303	0.1542	0.0408056999341327	0.0652591170825336	0.3200212	1.2326	0.0531214807019035	0.0618206685055979	3303	3490	1	0.994	FALSE
YOR086C	3561	chr15_483761_483790,chr15_484327_484345,chr15_483404_483445,chr15_484803_484819,	29,18,41,16,	2.92052794158944	0.465461365624527	NA	NA	NA	NA	0.4242	-0.372429335819457	0.0181	-1.74232142513082	0.639756797139179	2.05582842626746	0.2199	NA	0.0426685525695427	0.5090814	NA	0.0355542355308994	NA	3561	6140	1.7	1.008	FALSE
YCR048W	1833	chr3_212006_212028,	22,	1.20021822149482	0.0792602158599895	0.161300347	-0.792364698326952	2.6556	0.424162659974883	0.5038	-0.297741836837906	0.0277	-1.55752023093555	0.643755397109273	0.0863197311904763	0.114	0.0607396998794999	0.054982135768162	0.547804	2.1107	0.050565530737271	0.0764203093760364	1833	NA	1.2	1.013	FALSE
YOR005C	2835	chr15_336349_336374,	25,	0.881834215167548	-0.0546130545568878	NA	NA	NA	NA	0.3619	-0.441411416891801	0.0512	-1.29073003902417	0.638112206919437	0.0574152303448126	0.1085	NA	0.141475545730865	0.403781	NA	0.126801409675047	NA	2835	NA	0.2	1.018	FALSE
YJL095W	4437	chr10_247333_247355,	22,	0.495830516114492	-0.304666747894349	NA	NA	NA	NA	0.4196	-0.37716452047848	0.052	-1.2839966563652	0.650348857456398	0.0828776853244882	0.1207	NA	0.123927550047664	0.4661902	NA	0.11154245627643	NA	4437	112	0.3	0.998	FALSE
YBR092C	1404	chr2_428798_428814,	16,	1.13960113960114	0.0567528748621383	NA	NA	NA	NA	0.6266	-0.203009609454314	0.0219	-1.65955588515988	0.656489388568275	0.184865146866306	0.3535	NA	0.0349505266517715	0.763051	NA	0.0287005717835374	NA	1404	952	4.9	1.012	FALSE
YIL056W	1923	chr9_251630_251648,	18,	0.93603744149766	-0.0287067791351738	0.125699973	-0.900664815599263	2.03537	0.308643369016761	0.4591	-0.338092707233979	0.0186	-1.73048705578208	0.65286994923736	0.0393301102385456	0.1442	0.0617577998103539	0.040514049226748	0.5147612	1.4526	0.0361332594608918	0.0865344712928542	1923	279	0.3	1.005	FALSE
YAR027W	708	chr1_184035_184059,	24,	3.38983050847458	0.530177984021837	NA	NA	NA	NA	0.5754	-0.240030142445693	0.3165	-0.499626285646626	0.635049683830172	0.800492596646632	0.1281	NA	0.550052137643378	0.6248466	NA	0.506524321329427	NA	708	1690	1.3	1.012	FALSE
YLR214W	2061	chr12_569651_569671,	20,	0.970402717127608	-0.0130479961152317	NA	NA	NA	NA	0	NA	0	NA	0.649807849586239	0.0303383794908504	0.1447	NA	NA	NA	NA	NA	NA	2061	NA	2.4	1.016	FALSE
